IC1: 0.0455387
IC2: 0.0512606
IC3: 0.0536566
IC4: 0.0513094
IC5: 0.0454544
IC6: 0.0665595
IC7: 0.0454772
IC8: 0.0511816
IC9: 0.0536499
IC10: 0.0511966
IC11: 0.0454754
IC12: 0.0666121
IC13: 0.0454415
IC14: 0.0509197
IC15: 0.053253
IC16: 0.0511305
IC17: 0.0453936
IC18: 0.0664843
IC19: 0.0454147
IC20: 0.050942
IC wzorcowy: 0.0665595
